# This file has been automatically generated after a calibration run
model_parameters:
  actual_evapotranspiration:
    ae_scale_factor: 1.5
  gamma_snow:
    calculate_iso_pot_energy: false
    fast_albedo_decay_rate: 11.509728892014824
    glacier_albedo: 0.4
    initial_bare_ground_fraction: 0.04
    max_albedo: 0.9
    max_water: 0.1
    min_albedo: 0.49015641170175084
    slow_albedo_decay_rate: 31.66666417021185
    snow_cv: 0.4
    snow_cv_altitude_factor: 0.0
    snow_cv_forest_factor: 0.0
    snowfall_reset_depth: 5.0
    surface_magnitude: 30.0
    tx: -0.783100149913015
    wind_const: 3.3274416119089585
    wind_scale: 2.4787616726568817
    winter_end_day_of_year: 100
  kirchner:
    c1: -3.6031141559421003
    c2: 0.27814365293991694
    c3: -0.04972831626462361
  precipitation_correction:
    scale_factor: 1.0130291307446904
  priestley_taylor:
    albedo: 0.2
    alpha: 1.26
model_t: !!python/name:shyft.api.pt_gs_k._pt_gs_k.PTGSKModel
